111111111111111111111010
111111111111111111111011
111111111111111111111001
111111111111111111110111
111111111111111111110110
111111111111111111110101
111111111111111111110110
111111111111111111111001
111111111111111111111110
000000000000000000000111
000000000000000000010100
000000000000000000100110
000000000000000000111100
000000000000000001010111
000000000000000001110101
000000000000000010010110
000000000000000010110111
000000000000000011010110
000000000000000011101111
000000000000000011111101
000000000000000011111100
000000000000000011100111
000000000000000010111001
000000000000000001101101
000000000000000000000000
111111111111111101101111
111111111111111010111001
111111111111110111100010
111111111111110011101110
111111111111101111100110
111111111111101011010110
111111111111100111010000
111111111111100011100111
111111111111100000110010
111111111111011111001010
111111111111011111001001
111111111111100001001001
111111111111100101100010
111111111111101100100111
111111111111110110100101
000000000000000011100000
000000000000010011010010
000000000000100101100111
000000000000111001111110
000000000001001111100110
000000000001100101100001
000000000001111010100000
000000000010001101001100
000000000010011100000000
000000000010100101010111
000000000010100111101000
000000000010100001010011
000000000010010001000011
000000000001110101111010
000000000001001111010011
000000000000011101001100
111111111111100000001110
111111111110011001101100
111111111101001011101010
111111111011111000111110
111111111010100101001100
111111111001010100100010
111111111000001011110000
111111110111001111111011
111111110110100110010001
111111110110010011111000
111111110110011101011010
111111110111000110110010
111111111000010010110110
111111111010000011000110
111111111100010111010110
111111111111001101100100
000000000010100001101100
000000000110001101100001
000000001010001000110011
000000001110001001010100
000000010010000011001011
000000010101101001001101
000000011000101101011001
000000011011000001100110
000000011100011000000111
000000011100100100100010
000000011011011100011110
000000011000111000010110
000000010100110100001000
000000001111001111111101
000000001000010000101001
000000000000000000000000
111111110110101100111111
111111101100101011100001
111111100010010100001010
111111011000000011011001
111111001110011000110010
111111000101110101101100
111110111110111100000001
111110111010001100100010
111110111000000101001110
111110111000111111100101
111110111101001110111100
111111000100111110110011
111111010000010001100101
111111011110111111011011
111111110000110101100101
000000000101010110000001
000000011011110111110001
000000110011100111100101
000001001011101001001100
000001100010111001001111
000001111000001111100000
000010001010100001101011
000010011000100110011110
000010100001011001000010
000010100011111100010101
000010011111011110101010
000010010011011100111011
000001111111100101100010
000001100011111010111011
000001000000110101010110
000000010111000100000000
111111100111101101001110
111110110100001101111000
111101111110010111101001
111101001000001110100001
111100010100000101001111
111011100100011001000100
111010111011101100101010
111010011100100010100111
111010001001010111011110
111010000100011011101101
111010001111101101110000
111010101100110100010110
111011011100111001011011
111100100000100101110101
111101110111111110000001
111111100010011111110100
000001011111000001100011
000011101011110010011110
000110000110011100101001
001000101100001000001000
001011011001011111011110
001110001010110101011101
010000111100001011101011
010011101001011010000101
010110001110010110110100
011000100110111110100010
011010101111011100011110
011100100100010010010001
011110000010011111001011
011111000111100110001111
011111110001110011100100
011111111111111111111110
011111110001110011100100
011111000111100110001111
011110000010011111001011
011100100100010010010001
011010101111011100011110
011000100110111110100010
010110001110010110110100
010011101001011010000101
010000111100001011101011
001110001010110101011101
001011011001011111011110
001000101100001000001000
000110000110011100101001
000011101011110010011110
000001011111000001100011
111111100010011111110100
111101110111111110000001
111100100000100101110101
111011011100111001011011
111010101100110100010110
111010001111101101110000
111010000100011011101101
111010001001010111011110
111010011100100010100111
111010111011101100101010
111011100100011001000100
111100010100000101001111
111101001000001110100001
111101111110010111101001
111110110100001101111000
111111100111101101001110
000000010111000100000000
000001000000110101010110
000001100011111010111011
000001111111100101100010
000010010011011100111011
000010011111011110101010
000010100011111100010101
000010100001011001000010
000010011000100110011110
000010001010100001101011
000001111000001111100000
000001100010111001001111
000001001011101001001100
000000110011100111100101
000000011011110111110001
000000000101010110000001
111111110000110101100101
111111011110111111011011
111111010000010001100101
111111000100111110110011
111110111101001110111100
111110111000111111100101
111110111000000101001110
111110111010001100100010
111110111110111100000001
111111000101110101101100
111111001110011000110010
111111011000000011011001
111111100010010100001010
111111101100101011100001
111111110110101100111111
000000000000000000000000
000000001000010000101001
000000001111001111111101
000000010100110100001000
000000011000111000010110
000000011011011100011110
000000011100100100100010
000000011100011000000111
000000011011000001100110
000000011000101101011001
000000010101101001001101
000000010010000011001011
000000001110001001010100
000000001010001000110011
000000000110001101100001
000000000010100001101100
111111111111001101100100
111111111100010111010110
111111111010000011000110
111111111000010010110110
111111110111000110110010
111111110110011101011010
111111110110010011111000
111111110110100110010001
111111110111001111111011
111111111000001011110000
111111111001010100100010
111111111010100101001100
111111111011111000111110
111111111101001011101010
111111111110011001101100
111111111111100000001110
000000000000011101001100
000000000001001111010011
000000000001110101111010
000000000010010001000011
000000000010100001010011
000000000010100111101000
000000000010100101010111
000000000010011100000000
000000000010001101001100
000000000001111010100000
000000000001100101100001
000000000001001111100110
000000000000111001111110
000000000000100101100111
000000000000010011010010
000000000000000011100000
111111111111110110100101
111111111111101100100111
111111111111100101100010
111111111111100001001001
111111111111011111001001
111111111111011111001010
111111111111100000110010
111111111111100011100111
111111111111100111010000
111111111111101011010110
111111111111101111100110
111111111111110011101110
111111111111110111100010
111111111111111010111001
111111111111111101101111
000000000000000000000000
000000000000000001101101
000000000000000010111001
000000000000000011100111
000000000000000011111100
000000000000000011111101
000000000000000011101111
000000000000000011010110
000000000000000010110111
000000000000000010010110
000000000000000001110101
000000000000000001010111
000000000000000000111100
000000000000000000100110
000000000000000000010100
000000000000000000000111
111111111111111111111110
111111111111111111111001
111111111111111111110110
111111111111111111110101
111111111111111111110110
111111111111111111110111
111111111111111111111001
111111111111111111111011
111111111111111111111010
