000000000000000001
000000000000000001
000000000000000101
000000000000001101
000000000000011101
000000000000111100
000000000001110001
000000000011001001
000000000101011001
000000001000110101
000000001101111101
000000010101011000
000000011111110010
000000101101111111
000001000000111001
000001011001011101
000001111000101011
000010011111011110
000011001110101011
000100000110111011
000101001000100101
000110010011101100
000111100111111001
001001000100010111
001010100111110011
001100010000011010
001101111011111111
001111100111111001
010001010001001110
010010110100111011
010100001111110110
010101011111000001
010110011111101111
010111001111101110
010111101101001110
010111110111001011
010111101101001110
010111001111101110
010110011111101111
010101011111000001
010100001111110110
010010110100111011
010001010001001110
001111100111111001
001101111011111111
001100010000011010
001010100111110011
001001000100010111
000111100111111001
000110010011101100
000101001000100101
000100000110111011
000011001110101011
000010011111011110
000001111000101011
000001011001011101
000001000000111001
000000101101111111
000000011111110010
000000010101011000
000000001101111101
000000001000110101
000000000101011001
000000000011001001
000000000001110001
000000000000111100
000000000000011101
000000000000001101
000000000000000101
000000000000000001
000000000000000001
