000000000000000000000001
000000000000000000000000
111111111111111111111111
111111111111111111111111
111111111111111111111111
000000000000000000000000
000000000000000000000001
000000000000000000000010
000000000000000000000010
000000000000000000000001
000000000000000000000000
111111111111111111111110
111111111111111111111101
111111111111111111111110
111111111111111111111111
000000000000000000000001
000000000000000000000011
000000000000000000000011
000000000000000000000010
000000000000000000000000
111111111111111111111101
111111111111111111111100
111111111111111111111101
111111111111111111111110
000000000000000000000010
000000000000000000000100
000000000000000000000110
000000000000000000000100
000000000000000000000001
111111111111111111111101
111111111111111111111001
111111111111111111111001
111111111111111111111100
000000000000000000000001
000000000000000000000110
000000000000000000001001
000000000000000000001001
000000000000000000000011
111111111111111111111101
111111111111111111110110
111111111111111111110100
111111111111111111110111
111111111111111111111110
000000000000000000001000
000000000000000000001111
000000000000000000001111
000000000000000000001001
111111111111111111111101
111111111111111111110010
111111111111111111101100
111111111111111111101111
111111111111111111111010
000000000000000000001001
000000000000000000010101
000000000000000000011000
000000000000000000010001
000000000000000000000010
111111111111111111110000
111111111111111111100100
111111111111111111100100
111111111111111111110000
000000000000000000000111
000000000000000000011100
000000000000000000100101
000000000000000000011111
000000000000000000001001
111111111111111111101110
111111111111111111011000
111111111111111111010011
111111111111111111100010
000000000000000000000000
000000000000000000100001
000000000000000000110101
000000000000000000110011
000000000000000000011001
111111111111111111110001
111111111111111111001101
111111111111111110111110
111111111111111111001011
111111111111111111110010
000000000000000000100010
000000000000000001000111
000000000000000001001110
000000000000000000110001
111111111111111111111100
111111111111111111000100
111111111111111110100100
111111111111111110101100
111111111111111111011010
000000000000000000011110
000000000000000001011010
000000000000000001110000
000000000000000001010101
000000000000000000010001
111111111111111111000000
111111111111111110000111
111111111111111110000000
111111111111111110110100
000000000000000000001111
000000000000000001101000
000000000000000010011001
000000000000000010000111
000000000000000000110110
111111111111111111000110
111111111111111101101001
111111111111111101001010
111111111111111101111100
111111111111111111101110
000000000000000001101111
000000000000000011000111
000000000000000011001010
000000000000000001110000
111111111111111111011110
111111111111111101010001
111111111111111100001011
111111111111111100110000
111111111111111110110111
000000000000000001100111
000000000000000011110101
000000000000000100011011
000000000000000011000100
000000000000000000001101
111111111111111101000101
111111111111111011000101
111111111111111011001101
111111111111111101100001
000000000000000001000111
000000000000000100011011
000000000000000101111010
000000000000000100110100
000000000000000001011110
111111111111111101001111
111111111111111010000001
111111111111111001010100
111111111111111011101000
000000000000000000000011
000000000000000100101110
000000000000000111100010
000000000000000111000100
000000000000000011011000
111111111111111101111011
111111111111111001000111
111111111111110111001000
111111111111111001000101
111111111111111110010010
000000000000000100100011
000000000000001001001000
000000000000001001110100
000000000000000110000101
111111111111111111011000
111111111111111000100110
111111111111110100110010
111111111111110101110110
111111111111111011100101
000000000000000011101001
000000000000001010011110
000000000000001100111100
000000000000001001101100
000000000000000001110110
111111111111111000110000
111111111111110010011110
111111111111110001111110
111111111111110111110100
000000000000000001101010
000000000000001011010010
000000000000010000010011
000000000000001110001100
000000000000000101100011
111111111111111001111101
111111111111110000011111
111111111111101101100100
111111111111110010110101
111111111111111110010101
000000000000001011001010
000000000000010011100110
000000000000010011100101
000000000000001010101110
111111111111111100100011
111111111111101111010000
111111111111101000111000
111111111111101100101000
111111111111111001010101
000000000000001001101011
000000000000010110011100
000000000000011001101011
000000000000010001011110
000000000000000000111110
111111111111101111010000
111111111111100100001111
111111111111100101010000
111111111111110010011001
000000000000000110010011
000000000000011000010011
000000000000100000001011
000000000000011001111000
000000000000000111100111
111111111111110001000100
111111111111100000001110
111111111111011100111100
111111111111101001010110
000000000000000000100010
000000000000011000100011
000000000000100110100100
000000000000100011110100
000000000000010000110011
111111111111110101010110
111111111111011101011110
111111111111010100001000
111111111111011110001001
111111111111110111111000
000000000000010110011010
000000000000101100001011
000000000000101110111110
000000000000011100101110
111111111111111100101111
111111111111011100110101
111111111111001011011011
111111111111010000111100
111111111111101011111010
000000000000010001000101
000000000000110000001000
000000000000111010110011
000000000000101011011100
000000000000000111110111
111111111111011111010001
111111111111000011101101
111111111111000010001011
111111111111011100011010
000000000000000111101111
000000000000110001011001
000000000001000110100000
000000000000111100101111
000000000000010111001111
111111111111100101110001
111111111110111110000111
111111111110110010100000
111111111111001001010100
111111111111111001101000
000000000000101110110000
000000000001010000111100
000000000001010000000100
000000000000101011001010
111111111111110001011000
111111111110111011111010
111111111110100010111111
111111111110110010111011
111111111111100110001000
000000000000100110111101
000000000001011000110000
000000000001100100100101
000000000001000011101000
000000000000000011000010
111111111110111110100111
111111111110010100111111
111111111110011001111001
111111111111001100110111
000000000000011000101111
000000000001011100010101
000000000001111000111101
000000000001100000010100
000000000000011011011111
111111111111000111110001
111111111110001010001111
111111111101111111010110
111111111110101101110101
000000000000000010111100
000000000001011001110011
000000000010001011100000
000000000010000000010110
000000000000111011001010
111111111111011000111011
111111111110000100101110
111111111101100100110110
111111111110001001100000
111111111111100100101001
000000000001001111010010
000000000010011010000111
000000000010100010011010
000000000001100010000110
111111111111110011100001
111111111110000110101100
111111111101001100100001
111111111101100000110111
111111111110111101010011
000000000000111010110111
000000000010100010010100
000000000011000100100001
000000000010001111101110
000000000000011000101011
111111111110010010100000
111111111100111000111010
111111111100110101100101
111111111110001100111010
000000000000011010110011
000000000010100001011100
000000000011100100001011
000000000011000010110101
000000000001001001000010
111111111110101010011101
111111111100101100111111
111111111100001001111111
111111111101010100000111
111111111111101101101110
000000000010010100100100
000000000011111110010000
000000000011111001011011
000000000010000100101011
111111111111010000101010
111111111100101100000011
111111111011100001001000
111111111100010100010101
111111111110110010110001
000000000001111000111001
000000000100001111001011
000000000100110000101111
000000000011001010110110
000000000000000110110111
111111111100111001100101
111111111010111110110000
111111111011001111111011
111111111101101001110111
000000000001001011110111
000000000100010010111101
000000000101100101000111
000000000100011001111001
000000000001001110000110
111111111101011001000000
111111111010100111000111
111111111010001010001011
111111111100010011101111
000000000000001011010101
000000000100000101011100
000000000110010010001010
000000000101101111001000
000000000010100110101010
111111111110001101011110
111111111010011111000001
111111111001000111010110
111111111010110010010010
111111111110110101110110
000000000011100010011100
000000000110110010101111
000000000111000110101101
000000000100001111110000
111111111111011001101011
111111111010101011011110
111111111000001100101001
111111111001001000100100
111111111101001010111100
000000000010100110000010
000000000111000001001010
000000001000011011101011
000000000110000111010111
000000000000111111100010
111111111011010001100101
111111110111100000001001
111111110111011010111011
111111111011001011010001
000000000001001100110101
000000000110110111010110
000000001001100111111101
000000001000001010001001
000000000010111111111101
111111111100010110001101
111111110111001000100101
111111110101101111000100
111111111000111000110110
111111111111010100001010
000000000110001111001000
000000001010100100011100
000000001010010011001110
000000000101011010100101
111111111101111101110001
111111110111001101010011
111111110100001011111110
111111110110010111001111
111111111100111010011111
000000000101000010010101
000000001011001001001000
000000001100011100010001
000000001000001101100111
000000000000001011111011
111111110111110101111010
111111110010111001111001
111111110011101011100110
111111111001111111011110
000000000011001011001100
000000001011001101001101
000000001110011101011000
000000001011010101101001
000000000011000011011001
111111111001001010001011
111111110010000010001111
111111110000111100110010
111111110110100100010001
000000000000100100011110
000000001010100111010001
000000010000001101001000
000000001110101101100000
000000000110100101110000
111111111011010001110100
111111110001101111100011
111111101110010011011011
111111110010101011100100
111111111101001001100110
000000001001001101011001
000000010001100000101000
000000010010001110010101
000000001010110011010111
111111111110010100100000
111111110010001101011110
111111101011111001110110
111111101110011001101010
111111111000110110101000
000000000110110101000000
000000010010001011011001
000000010101101111011000
000000001111101011011011
000000000010011001111110
111111110011101000111001
111111101001111100010011
111111101001110100011000
111111110011101000000110
000000000011010010101010
000000010001111111000011
000000011001000110000111
000000010101001100010010
000000000111101010100001
111111110110010000100000
111111101000101001001011
111111100101000010111100
111111101101011010010101
111111111110011001001000
000000010000101010110100
000000011100000101111111
000000011011010011111000
000000001110010000000011
111111111010010101111110
111111101000010001100111
111111100000001101101100
111111100110001000010100
111111110111110111101101
000000001101111001110101
000000011110100000000001
000000100010000000111000
000000010110011000011010
000000000000010000011101
111111101001001011010011
111111011011011101110100
111111011101101001001110
111111101111010110100110
000000001001010000000010
000000100000000001101111
000000101001010100100011
000000100000011001110101
000000001000100001111011
111111101011110011101111
111111010110111100111000
111111010011101011100110
111111100100001111001100
000000000010000011000001
000000100000010010010000
000000110001010110100110
000000101100111100110100
000000010100000011000010
111111110000111000101101
111111010010110100100000
111111000111101010101001
111111010101011010100010
111111110111001001010101
000000011110101011011111
000000111010011101110101
000000111101010011010011
000000100100100000001010
111111111001101100111011
111111001111001101110010
111110111000010011011101
111111000000100011110100
111111100110001101110001
000000011010000110011011
000001000101100111000111
000001010100011001101011
000000111101101100111101
000000001001000101111100
111111001100010000111010
111110100010010011010000
111110011111111000101010
111111001001011101101000
000000001111111000110010
000001010101100011101111
000001111010011101111100
000001101010011001010000
000000100111001010011011
111111001010000100110001
111101111011000010111100
111101100000010100111110
111110001101001010000000
111111110110110000101110
000001110101001011000111
000011010000110101101111
000011011000110010011001
000001111001001000011001
111111001000101110100010
111100000111011101000011
111010001100000011101100
111010100110110100001000
111110000010111111100011
000100010010010101111000
001100001010110111101110
010011111001000000111111
011001100001000001001011
011011100100101101110011
011001100001000001001011
010011111001000000111111
001100001010110111101110
000100010010010101111000
111110000010111111100011
111010100110110100001000
111010001100000011101100
111100000111011101000011
111111001000101110100010
000001111001001000011001
000011011000110010011001
000011010000110101101111
000001110101001011000111
111111110110110000101110
111110001101001010000000
111101100000010100111110
111101111011000010111100
111111001010000100110001
000000100111001010011011
000001101010011001010000
000001111010011101111100
000001010101100011101111
000000001111111000110010
111111001001011101101000
111110011111111000101010
111110100010010011010000
111111001100010000111010
000000001001000101111100
000000111101101100111101
000001010100011001101011
000001000101100111000111
000000011010000110011011
111111100110001101110001
111111000000100011110100
111110111000010011011101
111111001111001101110010
111111111001101100111011
000000100100100000001010
000000111101010011010011
000000111010011101110101
000000011110101011011111
111111110111001001010101
111111010101011010100010
111111000111101010101001
111111010010110100100000
111111110000111000101101
000000010100000011000010
000000101100111100110100
000000110001010110100110
000000100000010010010000
000000000010000011000001
111111100100001111001100
111111010011101011100110
111111010110111100111000
111111101011110011101111
000000001000100001111011
000000100000011001110101
000000101001010100100011
000000100000000001101111
000000001001010000000010
111111101111010110100110
111111011101101001001110
111111011011011101110100
111111101001001011010011
000000000000010000011101
000000010110011000011010
000000100010000000111000
000000011110100000000001
000000001101111001110101
111111110111110111101101
111111100110001000010100
111111100000001101101100
111111101000010001100111
111111111010010101111110
000000001110010000000011
000000011011010011111000
000000011100000101111111
000000010000101010110100
111111111110011001001000
111111101101011010010101
111111100101000010111100
111111101000101001001011
111111110110010000100000
000000000111101010100001
000000010101001100010010
000000011001000110000111
000000010001111111000011
000000000011010010101010
111111110011101000000110
111111101001110100011000
111111101001111100010011
111111110011101000111001
000000000010011001111110
000000001111101011011011
000000010101101111011000
000000010010001011011001
000000000110110101000000
111111111000110110101000
111111101110011001101010
111111101011111001110110
111111110010001101011110
111111111110010100100000
000000001010110011010111
000000010010001110010101
000000010001100000101000
000000001001001101011001
111111111101001001100110
111111110010101011100100
111111101110010011011011
111111110001101111100011
111111111011010001110100
000000000110100101110000
000000001110101101100000
000000010000001101001000
000000001010100111010001
000000000000100100011110
111111110110100100010001
111111110000111100110010
111111110010000010001111
111111111001001010001011
000000000011000011011001
000000001011010101101001
000000001110011101011000
000000001011001101001101
000000000011001011001100
111111111001111111011110
111111110011101011100110
111111110010111001111001
111111110111110101111010
000000000000001011111011
000000001000001101100111
000000001100011100010001
000000001011001001001000
000000000101000010010101
111111111100111010011111
111111110110010111001111
111111110100001011111110
111111110111001101010011
111111111101111101110001
000000000101011010100101
000000001010010011001110
000000001010100100011100
000000000110001111001000
111111111111010100001010
111111111000111000110110
111111110101101111000100
111111110111001000100101
111111111100010110001101
000000000010111111111101
000000001000001010001001
000000001001100111111101
000000000110110111010110
000000000001001100110101
111111111011001011010001
111111110111011010111011
111111110111100000001001
111111111011010001100101
000000000000111111100010
000000000110000111010111
000000001000011011101011
000000000111000001001010
000000000010100110000010
111111111101001010111100
111111111001001000100100
111111111000001100101001
111111111010101011011110
111111111111011001101011
000000000100001111110000
000000000111000110101101
000000000110110010101111
000000000011100010011100
111111111110110101110110
111111111010110010010010
111111111001000111010110
111111111010011111000001
111111111110001101011110
000000000010100110101010
000000000101101111001000
000000000110010010001010
000000000100000101011100
000000000000001011010101
111111111100010011101111
111111111010001010001011
111111111010100111000111
111111111101011001000000
000000000001001110000110
000000000100011001111001
000000000101100101000111
000000000100010010111101
000000000001001011110111
111111111101101001110111
111111111011001111111011
111111111010111110110000
111111111100111001100101
000000000000000110110111
000000000011001010110110
000000000100110000101111
000000000100001111001011
000000000001111000111001
111111111110110010110001
111111111100010100010101
111111111011100001001000
111111111100101100000011
111111111111010000101010
000000000010000100101011
000000000011111001011011
000000000011111110010000
000000000010010100100100
111111111111101101101110
111111111101010100000111
111111111100001001111111
111111111100101100111111
111111111110101010011101
000000000001001001000010
000000000011000010110101
000000000011100100001011
000000000010100001011100
000000000000011010110011
111111111110001100111010
111111111100110101100101
111111111100111000111010
111111111110010010100000
000000000000011000101011
000000000010001111101110
000000000011000100100001
000000000010100010010100
000000000000111010110111
111111111110111101010011
111111111101100000110111
111111111101001100100001
111111111110000110101100
111111111111110011100001
000000000001100010000110
000000000010100010011010
000000000010011010000111
000000000001001111010010
111111111111100100101001
111111111110001001100000
111111111101100100110110
111111111110000100101110
111111111111011000111011
000000000000111011001010
000000000010000000010110
000000000010001011100000
000000000001011001110011
000000000000000010111100
111111111110101101110101
111111111101111111010110
111111111110001010001111
111111111111000111110001
000000000000011011011111
000000000001100000010100
000000000001111000111101
000000000001011100010101
000000000000011000101111
111111111111001100110111
111111111110011001111001
111111111110010100111111
111111111110111110100111
000000000000000011000010
000000000001000011101000
000000000001100100100101
000000000001011000110000
000000000000100110111101
111111111111100110001000
111111111110110010111011
111111111110100010111111
111111111110111011111010
111111111111110001011000
000000000000101011001010
000000000001010000000100
000000000001010000111100
000000000000101110110000
111111111111111001101000
111111111111001001010100
111111111110110010100000
111111111110111110000111
111111111111100101110001
000000000000010111001111
000000000000111100101111
000000000001000110100000
000000000000110001011001
000000000000000111101111
111111111111011100011010
111111111111000010001011
111111111111000011101101
111111111111011111010001
000000000000000111110111
000000000000101011011100
000000000000111010110011
000000000000110000001000
000000000000010001000101
111111111111101011111010
111111111111010000111100
111111111111001011011011
111111111111011100110101
111111111111111100101111
000000000000011100101110
000000000000101110111110
000000000000101100001011
000000000000010110011010
111111111111110111111000
111111111111011110001001
111111111111010100001000
111111111111011101011110
111111111111110101010110
000000000000010000110011
000000000000100011110100
000000000000100110100100
000000000000011000100011
000000000000000000100010
111111111111101001010110
111111111111011100111100
111111111111100000001110
111111111111110001000100
000000000000000111100111
000000000000011001111000
000000000000100000001011
000000000000011000010011
000000000000000110010011
111111111111110010011001
111111111111100101010000
111111111111100100001111
111111111111101111010000
000000000000000000111110
000000000000010001011110
000000000000011001101011
000000000000010110011100
000000000000001001101011
111111111111111001010101
111111111111101100101000
111111111111101000111000
111111111111101111010000
111111111111111100100011
000000000000001010101110
000000000000010011100101
000000000000010011100110
000000000000001011001010
111111111111111110010101
111111111111110010110101
111111111111101101100100
111111111111110000011111
111111111111111001111101
000000000000000101100011
000000000000001110001100
000000000000010000010011
000000000000001011010010
000000000000000001101010
111111111111110111110100
111111111111110001111110
111111111111110010011110
111111111111111000110000
000000000000000001110110
000000000000001001101100
000000000000001100111100
000000000000001010011110
000000000000000011101001
111111111111111011100101
111111111111110101110110
111111111111110100110010
111111111111111000100110
111111111111111111011000
000000000000000110000101
000000000000001001110100
000000000000001001001000
000000000000000100100011
111111111111111110010010
111111111111111001000101
111111111111110111001000
111111111111111001000111
111111111111111101111011
000000000000000011011000
000000000000000111000100
000000000000000111100010
000000000000000100101110
000000000000000000000011
111111111111111011101000
111111111111111001010100
111111111111111010000001
111111111111111101001111
000000000000000001011110
000000000000000100110100
000000000000000101111010
000000000000000100011011
000000000000000001000111
111111111111111101100001
111111111111111011001101
111111111111111011000101
111111111111111101000101
000000000000000000001101
000000000000000011000100
000000000000000100011011
000000000000000011110101
000000000000000001100111
111111111111111110110111
111111111111111100110000
111111111111111100001011
111111111111111101010001
111111111111111111011110
000000000000000001110000
000000000000000011001010
000000000000000011000111
000000000000000001101111
111111111111111111101110
111111111111111101111100
111111111111111101001010
111111111111111101101001
111111111111111111000110
000000000000000000110110
000000000000000010000111
000000000000000010011001
000000000000000001101000
000000000000000000001111
111111111111111110110100
111111111111111110000000
111111111111111110000111
111111111111111111000000
000000000000000000010001
000000000000000001010101
000000000000000001110000
000000000000000001011010
000000000000000000011110
111111111111111111011010
111111111111111110101100
111111111111111110100100
111111111111111111000100
111111111111111111111100
000000000000000000110001
000000000000000001001110
000000000000000001000111
000000000000000000100010
111111111111111111110010
111111111111111111001011
111111111111111110111110
111111111111111111001101
111111111111111111110001
000000000000000000011001
000000000000000000110011
000000000000000000110101
000000000000000000100001
000000000000000000000000
111111111111111111100010
111111111111111111010011
111111111111111111011000
111111111111111111101110
000000000000000000001001
000000000000000000011111
000000000000000000100101
000000000000000000011100
000000000000000000000111
111111111111111111110000
111111111111111111100100
111111111111111111100100
111111111111111111110000
000000000000000000000010
000000000000000000010001
000000000000000000011000
000000000000000000010101
000000000000000000001001
111111111111111111111010
111111111111111111101111
111111111111111111101100
111111111111111111110010
111111111111111111111101
000000000000000000001001
000000000000000000001111
000000000000000000001111
000000000000000000001000
111111111111111111111110
111111111111111111110111
111111111111111111110100
111111111111111111110110
111111111111111111111101
000000000000000000000011
000000000000000000001001
000000000000000000001001
000000000000000000000110
000000000000000000000001
111111111111111111111100
111111111111111111111001
111111111111111111111001
111111111111111111111101
000000000000000000000001
000000000000000000000100
000000000000000000000110
000000000000000000000100
000000000000000000000010
111111111111111111111110
111111111111111111111101
111111111111111111111100
111111111111111111111101
000000000000000000000000
000000000000000000000010
000000000000000000000011
000000000000000000000011
000000000000000000000001
111111111111111111111111
111111111111111111111110
111111111111111111111101
111111111111111111111110
000000000000000000000000
000000000000000000000001
000000000000000000000010
000000000000000000000010
000000000000000000000001
000000000000000000000000
111111111111111111111111
111111111111111111111111
111111111111111111111111
000000000000000000000000
000000000000000000000001
