000000000000000000000111
000000000000000000000010
000000000000000000000010
000000000000000000000010
000000000000000000000010
000000000000000000000010
000000000000000000000010
000000000000000000000011
000000000000000000000011
000000000000000000000010
000000000000000000000010
000000000000000000000010
000000000000000000000010
000000000000000000000001
000000000000000000000001
000000000000000000000000
111111111111111111111111
111111111111111111111110
111111111111111111111101
111111111111111111111100
111111111111111111111100
111111111111111111111011
111111111111111111111010
111111111111111111111001
111111111111111111111000
111111111111111111110111
111111111111111111110111
111111111111111111110111
111111111111111111110111
111111111111111111110111
111111111111111111110111
111111111111111111111000
111111111111111111111000
111111111111111111111010
111111111111111111111011
111111111111111111111101
111111111111111111111110
000000000000000000000000
000000000000000000000010
000000000000000000000100
000000000000000000000110
000000000000000000001000
000000000000000000001010
000000000000000000001100
000000000000000000001110
000000000000000000001111
000000000000000000010000
000000000000000000010001
000000000000000000010001
000000000000000000010001
000000000000000000010000
000000000000000000001111
000000000000000000001110
000000000000000000001101
000000000000000000001011
000000000000000000001001
000000000000000000000111
000000000000000000000100
000000000000000000000010
000000000000000000000000
111111111111111111111110
111111111111111111111100
111111111111111111111011
111111111111111111111010
111111111111111111111001
111111111111111111111001
111111111111111111111010
111111111111111111111011
111111111111111111111100
111111111111111111111110
000000000000000000000000
000000000000000000000010
000000000000000000000100
000000000000000000000111
000000000000000000001000
000000000000000000001010
000000000000000000001011
000000000000000000001011
000000000000000000001010
000000000000000000001000
000000000000000000000101
000000000000000000000000
111111111111111111111010
111111111111111111110011
111111111111111111101011
111111111111111111100001
111111111111111111010111
111111111111111111001100
111111111111111111000000
111111111111111110110101
111111111111111110101010
111111111111111110011111
111111111111111110010110
111111111111111110001111
111111111111111110001010
111111111111111110000111
111111111111111110001000
111111111111111110001100
111111111111111110010100
111111111111111110100001
111111111111111110110001
111111111111111111000111
111111111111111111100000
111111111111111111111110
000000000000000000011111
000000000000000001000100
000000000000000001101011
000000000000000010010100
000000000000000010111110
000000000000000011101000
000000000000000100010000
000000000000000100110110
000000000000000101011001
000000000000000101110110
000000000000000110001101
000000000000000110011101
000000000000000110100101
000000000000000110100010
000000000000000110010110
000000000000000101111110
000000000000000101011100
000000000000000100101101
000000000000000011110100
000000000000000010110000
000000000000000001100010
000000000000000000001011
111111111111111110101101
111111111111111101001010
111111111111111011100010
111111111111111001111010
111111111111111000010010
111111111111110110101110
111111111111110101010000
111111111111110011111100
111111111111110010110011
111111111111110001111000
111111111111110001001101
111111111111110000110110
111111111111110000110010
111111111111110001000100
111111111111110001101101
111111111111110010101101
111111111111110100000100
111111111111110101110001
111111111111110111110010
111111111111111010000111
111111111111111100101100
111111111111111111100000
000000000000000010011101
000000000000000101100000
000000000000001000100110
000000000000001011101010
000000000000001110100110
000000000000010001010111
000000000000010011111000
000000000000010110000100
000000000000010111110111
000000000000011001001111
000000000000011010000110
000000000000011010011100
000000000000011010001110
000000000000011001011011
000000000000011000000100
000000000000010110001000
000000000000010011101001
000000000000010000101011
000000000000001101010000
000000000000001001011100
000000000000000101010101
000000000000000001000000
111111111111111100100010
111111111111111000000011
111111111111110011101001
111111111111101111011001
111111111111101011011100
111111111111100111110110
111111111111100100101110
111111111111100010001000
111111111111100000001010
111111111111011110110101
111111111111011110001101
111111111111011110010011
111111111111011111000111
111111111111100000101000
111111111111100010110100
111111111111100101101000
111111111111101000111110
111111111111101100110011
111111111111110000111111
111111111111110101011101
111111111111111010000100
111111111111111110101111
000000000000000011010100
000000000000000111101101
000000000000001011110010
000000000000001111011110
000000000000010010101011
000000000000010101010011
000000000000010111010101
000000000000011000101100
000000000000011001011001
000000000000011001011011
000000000000011000110101
000000000000010111101010
000000000000010101111100
000000000000010011110100
000000000000010001010101
000000000000001110101000
000000000000001011110101
000000000000001001000010
000000000000000110011000
000000000000000011111111
000000000000000001111110
000000000000000000011001
111111111111111111011000
111111111111111110111101
111111111111111111001010
000000000000000000000000
000000000000000001011110
000000000000000011100000
000000000000000110000011
000000000000001000111110
000000000000001100001010
000000000000001111011110
000000000000010010101110
000000000000010101110000
000000000000011000010111
000000000000011010010111
000000000000011011100101
000000000000011011110101
000000000000011010111111
000000000000011000111011
000000000000010101100010
000000000000010000110010
000000000000001010101001
000000000000000011001001
111111111111111010011001
111111111111110000011111
111111111111100101101001
111111111111011010000101
111111111111001110000011
111111111111000001111001
111111111110110101111011
111111111110101010100010
111111111110100000000101
111111111110010110111110
111111111110001111100101
111111111110001010010001
111111111110000111010111
111111111110000111001011
111111111110001001111100
111111111110001111110101
111111111110011000111101
111111111110100101010110
111111111110110100111101
111111111111000111101000
111111111111011101001000
111111111111110101001001
000000000000001111001111
000000000000101010111100
000000000001000111101011
000000000001100100110011
000000000010000001101001
000000000010011101100000
000000000010110111101001
000000000011001111010011
000000000011100011110011
000000000011110100011101
000000000100000000101000
000000000100000111110010
000000000100001001011110
000000000100000101010111
000000000011111011001110
000000000011101010111110
000000000011010100101100
000000000010111000100011
000000000010010110111101
000000000001110000011000
000000000001000101011110
000000000000010111000011
111111111111100101111110
111111111110110011010000
111111111101111111111111
111111111101001101010011
111111111100011100011000
111111111011101110011000
111111111011000100011101
111111111010011111101110
111111111010000001001100
111111111001101001110000
111111111001011010001101
111111111001010011001010
111111111001010101000010
111111111001100000000101
111111111001110100010110
111111111010010001101001
111111111010110111100101
111111111011100101100101
111111111100011010110011
111111111101010110010001
111111111110010110110011
111111111111011011000111
000000000000100001110000
000000000001101001001110
000000000010101111111011
000000000011110100010100
000000000100110100110100
000000000101101111111011
000000000110100100001111
000000000111010000100000
000000000111110011101000
000000001000001100101100
000000001000011011000001
000000001000011110001100
000000001000010101111111
000000001000000010100010
000000000111100100001001
000000000110111011011100
000000000110001001010010
000000000101001110101111
000000000100001101000111
000000000011000101110111
000000000001111010100101
000000000000101100111111
111111111111011110110101
111111111110010001111000
111111111101000111111001
111111111100000010100001
111111111011000011010100
111111111010001011101011
111111111001011100110010
111111111000110111100111
111111111000011100111000
111111111000001101000010
111111111000001000001111
111111111000001110011000
111111111000011111000100
111111111000111001100110
111111111001011101000101
111111111010001000010111
111111111010111010000111
111111111011110000110101
111111111100101010111101
111111111101100110110011
111111111110100010101101
111111111111011101000010
000000000000010100010000
000000000001000110111011
000000000001110011110011
000000000010011001111000
000000000010111000010101
000000000011001110101001
000000000011011100100110
000000000011100010001111
000000000011011111111010
000000000011010110001110
000000000011000110000101
000000000010110000100110
000000000010010111000101
000000000001111011000001
000000000001011101111110
000000000001000001100100
000000000000100111011011
000000000000010001000101
000000000000000000000000
111111111111110101011011
111111111111110010010111
111111111111110111100100
000000000000000101100000
000000000000011100001111
000000000000111011100001
000000000001100010101110
000000000010010000110110
000000000011000100100001
000000000011111100000101
000000000100110101100101
000000000101101110110011
000000000110100101011010
000000000111010110111010
000000001000000000110010
000000001000100000100110
000000001000110100000001
000000001000111000111011
000000001000101101100001
000000001000010000010101
000000000111100000010110
000000000110011101000101
000000000101000110100011
000000000011011101011000
000000000001100010110001
111111111111011000100100
111111111101000001001011
111111111010011111100011
111111110111110111001010
111111110101001011111101
111111110010100010001101
111111101111111110011100
111111101101100101010111
111111101011011011101101
111111101001100110001000
111111101000001001000011
111111100111001000100011
111111100110101000001111
111111100110101011000110
111111100111010011011100
111111101000100010110001
111111101010011001101010
111111101100110111110000
111111101111111011101110
111111110011100011001100
111111110111101010110101
111111111100001110010010
000000000001001000010101
000000000110010010111011
000000001011100111010010
000000010000111110000100
000000010110001111100000
000000011011010011100100
000000100000000010001011
000000100100010011010110
000000100111111111011011
000000101010111111010001
000000101101001100011111
000000101110100001100010
000000101110111001111100
000000101110010010011111
000000101100101001001111
000000101001111101101111
000000100110010001000000
000000100001100101101000
000000011011111111101100
000000010101100100110100
000000001110011011111111
000000000110101101100011
111111111110100010111110
111111110110000110101101
111111101101100011111111
111111100101000110100100
111111011100111010011111
111111010101001011110100
111111001110000110010110
111111000111110101010100
111111000010100011001100
111110111110011001010100
111110111011011111101110
111110111001111100111011
111110111001110101101011
111110111011001100110101
111110111110000011010001
111111000010010111101110
111111001000000110111000
111111001111001011010100
111111010111011101100011
111111100000110100010000
111111101011000100010011
111111110110000001000100
000000000001011100101000
000000001101001000000100
000000011000110011101111
000000100100001111101011
000000101111001011110111
000000111001011000101010
000001000010100111000111
000001001010101001010011
000001010001010010101101
000001010110011000011101
000001011001110001101011
000001011011010111101010
000001011011000110000100
000001011000111011000110
000001010100110111100000
000001001110111110101101
000001000111010110101110
000000111110001000000010
000000110011011101100000
000000100111100100001000
000000011010101010110101
000000001101000010000111
111111111110111011101101
111111110000101010010001
111111100010100000111011
111111010100110010110111
111111000111110010111011
111110111011110011001101
111110110001000100101000
111110100111110110100011
111110100000010110011010
111110011010101111011110
111110010111001010011110
111110010101101101011110
111110010110011011101001
111110011001010101010000
111110011110010111100100
111110100101011100111000
111110101110011100101010
111110111001001011101101
111111000101011100011000
111111010010111110110100
111111100001100001010110
111111110000110000110111
000000000000011001001001
000000010000000101011000
000000011111100000100101
000000101110010110000011
000000111100010001110001
000001001001000000111101
000001010100010010010111
000001011101110110101110
000001100101100001000001
000001101011000110111001
000001101110100000101100
000001101111101001110100
000001101110100000101100
000001101011000110111001
000001100101100001000001
000001011101110110101110
000001010100010010010111
000001001001000000111101
000000111100010001110001
000000101110010110000011
000000011111100000100101
000000010000000101011000
000000000000011001001001
111111110000110000110111
111111100001100001010110
111111010010111110110100
111111000101011100011000
111110111001001011101101
111110101110011100101010
111110100101011100111000
111110011110010111100100
111110011001010101010000
111110010110011011101001
111110010101101101011110
111110010111001010011110
111110011010101111011110
111110100000010110011010
111110100111110110100011
111110110001000100101000
111110111011110011001101
111111000111110010111011
111111010100110010110111
111111100010100000111011
111111110000101010010001
111111111110111011101101
000000001101000010000111
000000011010101010110101
000000100111100100001000
000000110011011101100000
000000111110001000000010
000001000111010110101110
000001001110111110101101
000001010100110111100000
000001011000111011000110
000001011011000110000100
000001011011010111101010
000001011001110001101011
000001010110011000011101
000001010001010010101101
000001001010101001010011
000001000010100111000111
000000111001011000101010
000000101111001011110111
000000100100001111101011
000000011000110011101111
000000001101001000000100
000000000001011100101000
111111110110000001000100
111111101011000100010011
111111100000110100010000
111111010111011101100011
111111001111001011010100
111111001000000110111000
111111000010010111101110
111110111110000011010001
111110111011001100110101
111110111001110101101011
111110111001111100111011
111110111011011111101110
111110111110011001010100
111111000010100011001100
111111000111110101010100
111111001110000110010110
111111010101001011110100
111111011100111010011111
111111100101000110100100
111111101101100011111111
111111110110000110101101
111111111110100010111110
000000000110101101100011
000000001110011011111111
000000010101100100110100
000000011011111111101100
000000100001100101101000
000000100110010001000000
000000101001111101101111
000000101100101001001111
000000101110010010011111
000000101110111001111100
000000101110100001100010
000000101101001100011111
000000101010111111010001
000000100111111111011011
000000100100010011010110
000000100000000010001011
000000011011010011100100
000000010110001111100000
000000010000111110000100
000000001011100111010010
000000000110010010111011
000000000001001000010101
111111111100001110010010
111111110111101010110101
111111110011100011001100
111111101111111011101110
111111101100110111110000
111111101010011001101010
111111101000100010110001
111111100111010011011100
111111100110101011000110
111111100110101000001111
111111100111001000100011
111111101000001001000011
111111101001100110001000
111111101011011011101101
111111101101100101010111
111111101111111110011100
111111110010100010001101
111111110101001011111101
111111110111110111001010
111111111010011111100011
111111111101000001001011
111111111111011000100100
000000000001100010110001
000000000011011101011000
000000000101000110100011
000000000110011101000101
000000000111100000010110
000000001000010000010101
000000001000101101100001
000000001000111000111011
000000001000110100000001
000000001000100000100110
000000001000000000110010
000000000111010110111010
000000000110100101011010
000000000101101110110011
000000000100110101100101
000000000011111100000101
000000000011000100100001
000000000010010000110110
000000000001100010101110
000000000000111011100001
000000000000011100001111
000000000000000101100000
111111111111110111100100
111111111111110010010111
111111111111110101011011
000000000000000000000000
000000000000010001000101
000000000000100111011011
000000000001000001100100
000000000001011101111110
000000000001111011000001
000000000010010111000101
000000000010110000100110
000000000011000110000101
000000000011010110001110
000000000011011111111010
000000000011100010001111
000000000011011100100110
000000000011001110101001
000000000010111000010101
000000000010011001111000
000000000001110011110011
000000000001000110111011
000000000000010100010000
111111111111011101000010
111111111110100010101101
111111111101100110110011
111111111100101010111101
111111111011110000110101
111111111010111010000111
111111111010001000010111
111111111001011101000101
111111111000111001100110
111111111000011111000100
111111111000001110011000
111111111000001000001111
111111111000001101000010
111111111000011100111000
111111111000110111100111
111111111001011100110010
111111111010001011101011
111111111011000011010100
111111111100000010100001
111111111101000111111001
111111111110010001111000
111111111111011110110101
000000000000101100111111
000000000001111010100101
000000000011000101110111
000000000100001101000111
000000000101001110101111
000000000110001001010010
000000000110111011011100
000000000111100100001001
000000001000000010100010
000000001000010101111111
000000001000011110001100
000000001000011011000001
000000001000001100101100
000000000111110011101000
000000000111010000100000
000000000110100100001111
000000000101101111111011
000000000100110100110100
000000000011110100010100
000000000010101111111011
000000000001101001001110
000000000000100001110000
111111111111011011000111
111111111110010110110011
111111111101010110010001
111111111100011010110011
111111111011100101100101
111111111010110111100101
111111111010010001101001
111111111001110100010110
111111111001100000000101
111111111001010101000010
111111111001010011001010
111111111001011010001101
111111111001101001110000
111111111010000001001100
111111111010011111101110
111111111011000100011101
111111111011101110011000
111111111100011100011000
111111111101001101010011
111111111101111111111111
111111111110110011010000
111111111111100101111110
000000000000010111000011
000000000001000101011110
000000000001110000011000
000000000010010110111101
000000000010111000100011
000000000011010100101100
000000000011101010111110
000000000011111011001110
000000000100000101010111
000000000100001001011110
000000000100000111110010
000000000100000000101000
000000000011110100011101
000000000011100011110011
000000000011001111010011
000000000010110111101001
000000000010011101100000
000000000010000001101001
000000000001100100110011
000000000001000111101011
000000000000101010111100
000000000000001111001111
111111111111110101001001
111111111111011101001000
111111111111000111101000
111111111110110100111101
111111111110100101010110
111111111110011000111101
111111111110001111110101
111111111110001001111100
111111111110000111001011
111111111110000111010111
111111111110001010010001
111111111110001111100101
111111111110010110111110
111111111110100000000101
111111111110101010100010
111111111110110101111011
111111111111000001111001
111111111111001110000011
111111111111011010000101
111111111111100101101001
111111111111110000011111
111111111111111010011001
000000000000000011001001
000000000000001010101001
000000000000010000110010
000000000000010101100010
000000000000011000111011
000000000000011010111111
000000000000011011110101
000000000000011011100101
000000000000011010010111
000000000000011000010111
000000000000010101110000
000000000000010010101110
000000000000001111011110
000000000000001100001010
000000000000001000111110
000000000000000110000011
000000000000000011100000
000000000000000001011110
000000000000000000000000
111111111111111111001010
111111111111111110111101
111111111111111111011000
000000000000000000011001
000000000000000001111110
000000000000000011111111
000000000000000110011000
000000000000001001000010
000000000000001011110101
000000000000001110101000
000000000000010001010101
000000000000010011110100
000000000000010101111100
000000000000010111101010
000000000000011000110101
000000000000011001011011
000000000000011001011001
000000000000011000101100
000000000000010111010101
000000000000010101010011
000000000000010010101011
000000000000001111011110
000000000000001011110010
000000000000000111101101
000000000000000011010100
111111111111111110101111
111111111111111010000100
111111111111110101011101
111111111111110000111111
111111111111101100110011
111111111111101000111110
111111111111100101101000
111111111111100010110100
111111111111100000101000
111111111111011111000111
111111111111011110010011
111111111111011110001101
111111111111011110110101
111111111111100000001010
111111111111100010001000
111111111111100100101110
111111111111100111110110
111111111111101011011100
111111111111101111011001
111111111111110011101001
111111111111111000000011
111111111111111100100010
000000000000000001000000
000000000000000101010101
000000000000001001011100
000000000000001101010000
000000000000010000101011
000000000000010011101001
000000000000010110001000
000000000000011000000100
000000000000011001011011
000000000000011010001110
000000000000011010011100
000000000000011010000110
000000000000011001001111
000000000000010111110111
000000000000010110000100
000000000000010011111000
000000000000010001010111
000000000000001110100110
000000000000001011101010
000000000000001000100110
000000000000000101100000
000000000000000010011101
111111111111111111100000
111111111111111100101100
111111111111111010000111
111111111111110111110010
111111111111110101110001
111111111111110100000100
111111111111110010101101
111111111111110001101101
111111111111110001000100
111111111111110000110010
111111111111110000110110
111111111111110001001101
111111111111110001111000
111111111111110010110011
111111111111110011111100
111111111111110101010000
111111111111110110101110
111111111111111000010010
111111111111111001111010
111111111111111011100010
111111111111111101001010
111111111111111110101101
000000000000000000001011
000000000000000001100010
000000000000000010110000
000000000000000011110100
000000000000000100101101
000000000000000101011100
000000000000000101111110
000000000000000110010110
000000000000000110100010
000000000000000110100101
000000000000000110011101
000000000000000110001101
000000000000000101110110
000000000000000101011001
000000000000000100110110
000000000000000100010000
000000000000000011101000
000000000000000010111110
000000000000000010010100
000000000000000001101011
000000000000000001000100
000000000000000000011111
111111111111111111111110
111111111111111111100000
111111111111111111000111
111111111111111110110001
111111111111111110100001
111111111111111110010100
111111111111111110001100
111111111111111110001000
111111111111111110000111
111111111111111110001010
111111111111111110001111
111111111111111110010110
111111111111111110011111
111111111111111110101010
111111111111111110110101
111111111111111111000000
111111111111111111001100
111111111111111111010111
111111111111111111100001
111111111111111111101011
111111111111111111110011
111111111111111111111010
000000000000000000000000
000000000000000000000101
000000000000000000001000
000000000000000000001010
000000000000000000001011
000000000000000000001011
000000000000000000001010
000000000000000000001000
000000000000000000000111
000000000000000000000100
000000000000000000000010
000000000000000000000000
111111111111111111111110
111111111111111111111100
111111111111111111111011
111111111111111111111010
111111111111111111111001
111111111111111111111001
111111111111111111111010
111111111111111111111011
111111111111111111111100
111111111111111111111110
000000000000000000000000
000000000000000000000010
000000000000000000000100
000000000000000000000111
000000000000000000001001
000000000000000000001011
000000000000000000001101
000000000000000000001110
000000000000000000001111
000000000000000000010000
000000000000000000010001
000000000000000000010001
000000000000000000010001
000000000000000000010000
000000000000000000001111
000000000000000000001110
000000000000000000001100
000000000000000000001010
000000000000000000001000
000000000000000000000110
000000000000000000000100
000000000000000000000010
000000000000000000000000
111111111111111111111110
111111111111111111111101
111111111111111111111011
111111111111111111111010
111111111111111111111000
111111111111111111111000
111111111111111111110111
111111111111111111110111
111111111111111111110111
111111111111111111110111
111111111111111111110111
111111111111111111110111
111111111111111111111000
111111111111111111111001
111111111111111111111010
111111111111111111111011
111111111111111111111100
111111111111111111111100
111111111111111111111101
111111111111111111111110
111111111111111111111111
000000000000000000000000
000000000000000000000001
000000000000000000000001
000000000000000000000010
000000000000000000000010
000000000000000000000010
000000000000000000000010
000000000000000000000011
000000000000000000000011
000000000000000000000010
000000000000000000000010
000000000000000000000010
000000000000000000000010
000000000000000000000010
000000000000000000000010
000000000000000000000111
