000000000000000000000010
000000000000000000000001
000000000000000000000001
000000000000000000000001
000000000000000000000001
000000000000000000000001
000000000000000000000001
000000000000000000000000
111111111111111111111111
111111111111111111111111
111111111111111111111110
111111111111111111111110
111111111111111111111110
111111111111111111111110
111111111111111111111111
000000000000000000000000
000000000000000000000001
000000000000000000000011
000000000000000000000011
000000000000000000000100
000000000000000000000100
000000000000000000000011
000000000000000000000010
111111111111111111111111
111111111111111111111101
111111111111111111111100
111111111111111111111010
111111111111111111111010
111111111111111111111010
111111111111111111111100
111111111111111111111110
000000000000000000000001
000000000000000000000100
000000000000000000000111
000000000000000000001001
000000000000000000001001
000000000000000000001001
000000000000000000000110
000000000000000000000010
111111111111111111111101
111111111111111111111001
111111111111111111110101
111111111111111111110010
111111111111111111110010
111111111111111111110100
111111111111111111110111
111111111111111111111101
000000000000000000000101
000000000000000000001011
000000000000000000010001
000000000000000000010100
000000000000000000010101
000000000000000000010010
000000000000000000001011
000000000000000000000011
111111111111111111111000
111111111111111111101111
111111111111111111100111
111111111111111111100010
111111111111111111100011
111111111111111111101000
111111111111111111110001
111111111111111111111110
000000000000000000001101
000000000000000000011010
000000000000000000100101
000000000000000000101010
000000000000000000101001
000000000000000000100001
000000000000000000010011
000000000000000000000000
111111111111111111101100
111111111111111111011001
111111111111111111001011
111111111111111111000101
111111111111111111001000
111111111111111111010101
111111111111111111101001
000000000000000000000100
000000000000000000011111
000000000000000000111000
000000000000000001001010
000000000000000001010000
000000000000000001001010
000000000000000000111000
000000000000000000011010
111111111111111111110111
111111111111111111010010
111111111111111110110001
111111111111111110011011
111111111111111110010100
111111111111111110011110
111111111111111110111001
111111111111111111100010
000000000000000000010011
000000000000000001000100
000000000000000001101101
000000000000000010001000
000000000000000010001110
000000000000000001111101
000000000000000001010111
000000000000000000011111
111111111111111111011111
111111111111111110011111
111111111111111101101011
111111111111111101001100
111111111111111101001000
111111111111111101100001
111111111111111110010110
111111111111111111100001
000000000000000000110101
000000000000000010000111
000000000000000011001000
000000000000000011101100
000000000000000011101101
000000000000000011000110
000000000000000001111101
000000000000000000011011
111111111111111110101110
111111111111111101000111
111111111111111011111000
111111111111111011001111
111111111111111011010101
111111111111111100001100
111111111111111101101110
111111111111111111101111
000000000000000001111010
000000000000000011111010
000000000000000101011001
000000000000000110000110
000000000000000101110110
000000000000000100101000
000000000000000010100110
000000000000000000000000
111111111111111101010000
111111111111111010110011
111111111111111001000011
111111111111111000010011
111111111111111000110010
111111111111111010011101
111111111111111101001001
000000000000000000011011
000000000000000011110110
000000000000000110110110
000000000000001000111001
000000000000001001101000
000000000000001000110101
000000000000000110100011
000000000000000011000110
111111111111111110111011
111111111111111010101110
111111111111110111001000
111111111111110100110001
111111111111110100000111
111111111111110101010101
111111111111111000010111
111111111111111100110011
000000000000000001111111
000000000000000111001001
000000000000001011011010
000000000000001110000100
000000000000001110100101
000000000000001100110000
000000000000001000110010
000000000000000011001011
111111111111111100110000
111111111111110110100010
111111111111110001100001
111111111111101110100110
111111111111101110010100
111111111111110000111010
111111111111110110000100
111111111111111101000110
000000000000000100111100
000000000000001100011001
000000000000010010001110
000000000000010101011001
000000000000010101010001
000000000000010001101100
000000000000001011000110
000000000000000010010111
111111111111111000110101
111111111111101111111111
111111111111101001010100
111111111111100101111101
111111111111100110101010
111111111111101011011111
111111111111110011110110
111111111111111110100101
000000000000001010000011
000000000000010100011011
000000000000011100000001
000000000000011111011100
000000000000011101111100
000000000000010111100100
000000000000001101000101
000000000000000000000000
111111111111110010010100
111111111111100110001110
111111111111011101101110
111111111111011010010110
111111111111011100111001
111111111111100101001110
111111111111110010001111
000000000000000010000011
000000000000010010010000
000000000000100000001110
000000000000101001101000
000000000000101100110000
000000000000101000110011
000000000000011110000111
000000000000001110000111
111111111111111011001001
111111111111101000001000
111111111111011000001000
111111111111001101110110
111111111111001011001101
111111111111010000111101
111111111111011110100000
111111111111110010000010
000000000000001000101000
000000000000011110110010
000000000000110000111011
000000000000111011111110
000000000000111101110101
000000000000110101110101
000000000000100100110101
000000000000001101001110
111111111111110010100001
111111111111011000111000
111111111111000100011110
111111111110111000110011
111111111110111000000111
111111111111000010111011
111111111111010111111111
111111111111110100010110
000000000000010011101100
000000000000110001001001
000000000001000111110111
000000000001010011111101
000000000001010011000011
000000000001000100110000
000000000000101010111000
000000000000001001000110
111111111111100100100011
111111111111000010111110
111111111110101001111001
111111111110011101101011
111111111110100000110000
111111111110110011001111
111111111111010010101111
111111111111111010101101
000000000000100101000011
000000000001001011000011
000000000001100110011100
000000000001110010011100
000000000001101100100011
000000000001010101000001
000000000000101110111111
000000000000000000000000
111111111111001111010010
111111111110100100100100
111111111110000110111100
111111111101111011101000
111111111110000101001000
111111111110100010101010
111111111111010000001110
000000000000000111000110
000000000000111110110100
000000000001101110011110
000000000010001110001010
000000000010011000001100
000000000010001010001110
000000000001100101100110
000000000000101111011010
111111111111101111101101
111111111110110000011000
111111111101111011100100
111111111101011010000111
111111111101010010000011
111111111101100101100011
111111111110010010011101
111111111111010010011110
000000000000011011111110
000000000001100011100011
000000000010011101101000
000000000011000000011110
000000000011000101101110
000000000010101011011111
000000000001110100111100
000000000000101001110101
111111111111010101011110
111111111110000101000110
111111111101000101101011
111111111100100001111011
111111111100100000100010
111111111101000010110100
111111111110000100100000
111111111111011100001000
000000000000111100011000
000000000010010110001010
000000000011011010110111
000000000011111110110101
000000000011111011001111
000000000011001111010110
000000000010000000111000
000000000000011011010001
111111111110101101111111
111111111101001010010011
111111111100000000011100
111111111011011101000100
111111111011100111000011
111111111100011110010000
111111111101111011010011
111111111111110000100001
000000000001101011111011
000000000011011010000001
000000000100101000101111
000000000101001010100010
000000000100111000100101
000000000011110100001000
000000000010000110100010
000000000000000000000000
111111111101110101010010
111111111011111100011010
111111111010101001001111
111111111010001010010000
111111111010100101111111
111111111011111001110111
111111111101111010001011
000000000000010011110011
000000000010101110111111
000000000100110010111111
000000000110001001111111
000000000110100100110000
000000000101111101001000
000000000100010111011101
000000000010000010000101
111111111111010011011010
111111111100100110100101
111111111010010111001111
111111111000111101001011
111111111000101000010111
111111111001011110001111
111111111011011000011001
111111111110000101011001
000000000001001011001010
000000000100001010110100
000000000110100101100110
000000001000000001101101
000000001000001110100100
000000000111000111110001
000000000100110110001001
000000000001101110101100
111111111110001111101100
111111111010111100000001
111111111000010101110011
111111110110111000111010
111111110110110110010100
111111111000010001000111
111111111010111101100011
111111111110100010011111
000000000010011101000101
000000000110000101111100
000000001000110111011011
000000001010010011100100
000000001010001001001010
000000001000010110111001
000000000101001011111100
000000000001000110000111
111111111100101101011100
111111111000101110001100
111111110101110001110010
111111110100011000010001
111111110100110010110010
111111110111000000100000
111111111010101110001010
111111111111011000101000
000000000100010010000110
000000001000101000111101
000000001011101111110000
000000001101000100011010
000000001100010110001000
000000001001101000011011
000000000101010011010101
000000000000000000000000
111111111010100010110000
111111110101110011000001
111111110010100010100011
111111110001010101011010
111111110010011011101111
111111110101101110101010
111111111010110000101001
000000000000110001100110
000000000110110101111110
000000001011111111111011
000000001111011001000111
000000010000011011100010
000000001110111000001010
000000001010111001111010
000000000101000100110001
111111111110010000101011
111111110111100001010110
111111110001111011101101
111111101110011011000001
111111101101100111000111
111111101111101101011100
111111110100011110001101
111111111011001101111101
000000000010111011101001
000000001010011010011010
000000010000011101011010
000000010100000100001000
000000010100100100111100
000000010001110100100011
000000001100001000100111
000000000100010101011001
111111111011100110010100
111111110011010010101111
111111101100110000010100
111111101001000101011000
111111101000111101001110
111111101100100000010101
111111110011010010000000
111111111100010011100111
000000000110001101101010
000000001111011100110000
000000010110100001001011
000000011010001110001011
000000011001110110110100
000000010101010110001111
000000001101010001101000
000000000010110011110110
111111110111100010101001
111111101101001111011010
111111100101100101100010
111111100001111001000011
111111100010111000100010
111111101000100100010100
111111110010001100111001
111111111110011000110000
000000001011010001001010
000000010110110100000100
000000011111001000010001
000000100010110001001010
000000100000111110011011
000000011001110101011000
000000001110010010000111
000000000000000000000000
111111110001001010011010
111111100100000111110000
111111011011000010000001
111111010111100000010011
111111011010010101000110
111111100011010100000111
111111110001010001101100
000000000010001100001110
000000010011011110100100
000000100010011000101011
000000101100011011001111
000000101111110001100100
000000101011100110000110
000000100000001101101000
000000001111000111011011
111111111010110001011101
111111100110010010010101
111111010100111011101011
111111001001101001011010
111111000110100011000001
111111001100100011010100
111111011011001011011010
111111110000100010110110
000000001001100101111111
000000100010100000110110
000000110111010011000001
000001000100010111011110
000001000111001010001100
000000111110100101110100
000000101011010100010101
000000001111101111010001
111111101111101110100111
111111010000001000000000
111110110110000010011010
111110100110000100001010
111110100011100010101111
111110101111111011101011
111111001010011101000110
111111110000000010011011
000000011011100110111101
000001000110101101010001
000001101010010110111001
000010000000000101010001
000010000010111011010100
000001110000010110010100
000001001000110101001100
000000010000000111111010
111111001101000011000000
111110001000110111000110
111101001110010000011110
111100101000000101011111
111100011111111101111100
111100111100111110011010
111110000010100010110011
111111101111110001110101
000001111111010000000101
000100100111010101100100
000111011011000100100010
001010001011011011111000
001100101000111011101001
001110100101010000000111
001111110100110110101101
010000010000010000001110
001111110100110110101101
001110100101010000000111
001100101000111011101001
001010001011011011111000
000111011011000100100010
000100100111010101100100
000001111111010000000101
111111101111110001110101
111110000010100010110011
111100111100111110011010
111100011111111101111100
111100101000000101011111
111101001110010000011110
111110001000110111000110
111111001101000011000000
000000010000000111111010
000001001000110101001100
000001110000010110010100
000010000010111011010100
000010000000000101010001
000001101010010110111001
000001000110101101010001
000000011011100110111101
111111110000000010011011
111111001010011101000110
111110101111111011101011
111110100011100010101111
111110100110000100001010
111110110110000010011010
111111010000001000000000
111111101111101110100111
000000001111101111010001
000000101011010100010101
000000111110100101110100
000001000111001010001100
000001000100010111011110
000000110111010011000001
000000100010100000110110
000000001001100101111111
111111110000100010110110
111111011011001011011010
111111001100100011010100
111111000110100011000001
111111001001101001011010
111111010100111011101011
111111100110010010010101
111111111010110001011101
000000001111000111011011
000000100000001101101000
000000101011100110000110
000000101111110001100100
000000101100011011001111
000000100010011000101011
000000010011011110100100
000000000010001100001110
111111110001010001101100
111111100011010100000111
111111011010010101000110
111111010111100000010011
111111011011000010000001
111111100100000111110000
111111110001001010011010
000000000000000000000000
000000001110010010000111
000000011001110101011000
000000100000111110011011
000000100010110001001010
000000011111001000010001
000000010110110100000100
000000001011010001001010
111111111110011000110000
111111110010001100111001
111111101000100100010100
111111100010111000100010
111111100001111001000011
111111100101100101100010
111111101101001111011010
111111110111100010101001
000000000010110011110110
000000001101010001101000
000000010101010110001111
000000011001110110110100
000000011010001110001011
000000010110100001001011
000000001111011100110000
000000000110001101101010
111111111100010011100111
111111110011010010000000
111111101100100000010101
111111101000111101001110
111111101001000101011000
111111101100110000010100
111111110011010010101111
111111111011100110010100
000000000100010101011001
000000001100001000100111
000000010001110100100011
000000010100100100111100
000000010100000100001000
000000010000011101011010
000000001010011010011010
000000000010111011101001
111111111011001101111101
111111110100011110001101
111111101111101101011100
111111101101100111000111
111111101110011011000001
111111110001111011101101
111111110111100001010110
111111111110010000101011
000000000101000100110001
000000001010111001111010
000000001110111000001010
000000010000011011100010
000000001111011001000111
000000001011111111111011
000000000110110101111110
000000000000110001100110
111111111010110000101001
111111110101101110101010
111111110010011011101111
111111110001010101011010
111111110010100010100011
111111110101110011000001
111111111010100010110000
000000000000000000000000
000000000101010011010101
000000001001101000011011
000000001100010110001000
000000001101000100011010
000000001011101111110000
000000001000101000111101
000000000100010010000110
111111111111011000101000
111111111010101110001010
111111110111000000100000
111111110100110010110010
111111110100011000010001
111111110101110001110010
111111111000101110001100
111111111100101101011100
000000000001000110000111
000000000101001011111100
000000001000010110111001
000000001010001001001010
000000001010010011100100
000000001000110111011011
000000000110000101111100
000000000010011101000101
111111111110100010011111
111111111010111101100011
111111111000010001000111
111111110110110110010100
111111110110111000111010
111111111000010101110011
111111111010111100000001
111111111110001111101100
000000000001101110101100
000000000100110110001001
000000000111000111110001
000000001000001110100100
000000001000000001101101
000000000110100101100110
000000000100001010110100
000000000001001011001010
111111111110000101011001
111111111011011000011001
111111111001011110001111
111111111000101000010111
111111111000111101001011
111111111010010111001111
111111111100100110100101
111111111111010011011010
000000000010000010000101
000000000100010111011101
000000000101111101001000
000000000110100100110000
000000000110001001111111
000000000100110010111111
000000000010101110111111
000000000000010011110011
111111111101111010001011
111111111011111001110111
111111111010100101111111
111111111010001010010000
111111111010101001001111
111111111011111100011010
111111111101110101010010
000000000000000000000000
000000000010000110100010
000000000011110100001000
000000000100111000100101
000000000101001010100010
000000000100101000101111
000000000011011010000001
000000000001101011111011
111111111111110000100001
111111111101111011010011
111111111100011110010000
111111111011100111000011
111111111011011101000100
111111111100000000011100
111111111101001010010011
111111111110101101111111
000000000000011011010001
000000000010000000111000
000000000011001111010110
000000000011111011001111
000000000011111110110101
000000000011011010110111
000000000010010110001010
000000000000111100011000
111111111111011100001000
111111111110000100100000
111111111101000010110100
111111111100100000100010
111111111100100001111011
111111111101000101101011
111111111110000101000110
111111111111010101011110
000000000000101001110101
000000000001110100111100
000000000010101011011111
000000000011000101101110
000000000011000000011110
000000000010011101101000
000000000001100011100011
000000000000011011111110
111111111111010010011110
111111111110010010011101
111111111101100101100011
111111111101010010000011
111111111101011010000111
111111111101111011100100
111111111110110000011000
111111111111101111101101
000000000000101111011010
000000000001100101100110
000000000010001010001110
000000000010011000001100
000000000010001110001010
000000000001101110011110
000000000000111110110100
000000000000000111000110
111111111111010000001110
111111111110100010101010
111111111110000101001000
111111111101111011101000
111111111110000110111100
111111111110100100100100
111111111111001111010010
000000000000000000000000
000000000000101110111111
000000000001010101000001
000000000001101100100011
000000000001110010011100
000000000001100110011100
000000000001001011000011
000000000000100101000011
111111111111111010101101
111111111111010010101111
111111111110110011001111
111111111110100000110000
111111111110011101101011
111111111110101001111001
111111111111000010111110
111111111111100100100011
000000000000001001000110
000000000000101010111000
000000000001000100110000
000000000001010011000011
000000000001010011111101
000000000001000111110111
000000000000110001001001
000000000000010011101100
111111111111110100010110
111111111111010111111111
111111111111000010111011
111111111110111000000111
111111111110111000110011
111111111111000100011110
111111111111011000111000
111111111111110010100001
000000000000001101001110
000000000000100100110101
000000000000110101110101
000000000000111101110101
000000000000111011111110
000000000000110000111011
000000000000011110110010
000000000000001000101000
111111111111110010000010
111111111111011110100000
111111111111010000111101
111111111111001011001101
111111111111001101110110
111111111111011000001000
111111111111101000001000
111111111111111011001001
000000000000001110000111
000000000000011110000111
000000000000101000110011
000000000000101100110000
000000000000101001101000
000000000000100000001110
000000000000010010010000
000000000000000010000011
111111111111110010001111
111111111111100101001110
111111111111011100111001
111111111111011010010110
111111111111011101101110
111111111111100110001110
111111111111110010010100
000000000000000000000000
000000000000001101000101
000000000000010111100100
000000000000011101111100
000000000000011111011100
000000000000011100000001
000000000000010100011011
000000000000001010000011
111111111111111110100101
111111111111110011110110
111111111111101011011111
111111111111100110101010
111111111111100101111101
111111111111101001010100
111111111111101111111111
111111111111111000110101
000000000000000010010111
000000000000001011000110
000000000000010001101100
000000000000010101010001
000000000000010101011001
000000000000010010001110
000000000000001100011001
000000000000000100111100
111111111111111101000110
111111111111110110000100
111111111111110000111010
111111111111101110010100
111111111111101110100110
111111111111110001100001
111111111111110110100010
111111111111111100110000
000000000000000011001011
000000000000001000110010
000000000000001100110000
000000000000001110100101
000000000000001110000100
000000000000001011011010
000000000000000111001001
000000000000000001111111
111111111111111100110011
111111111111111000010111
111111111111110101010101
111111111111110100000111
111111111111110100110001
111111111111110111001000
111111111111111010101110
111111111111111110111011
000000000000000011000110
000000000000000110100011
000000000000001000110101
000000000000001001101000
000000000000001000111001
000000000000000110110110
000000000000000011110110
000000000000000000011011
111111111111111101001001
111111111111111010011101
111111111111111000110010
111111111111111000010011
111111111111111001000011
111111111111111010110011
111111111111111101010000
000000000000000000000000
000000000000000010100110
000000000000000100101000
000000000000000101110110
000000000000000110000110
000000000000000101011001
000000000000000011111010
000000000000000001111010
111111111111111111101111
111111111111111101101110
111111111111111100001100
111111111111111011010101
111111111111111011001111
111111111111111011111000
111111111111111101000111
111111111111111110101110
000000000000000000011011
000000000000000001111101
000000000000000011000110
000000000000000011101101
000000000000000011101100
000000000000000011001000
000000000000000010000111
000000000000000000110101
111111111111111111100001
111111111111111110010110
111111111111111101100001
111111111111111101001000
111111111111111101001100
111111111111111101101011
111111111111111110011111
111111111111111111011111
000000000000000000011111
000000000000000001010111
000000000000000001111101
000000000000000010001110
000000000000000010001000
000000000000000001101101
000000000000000001000100
000000000000000000010011
111111111111111111100010
111111111111111110111001
111111111111111110011110
111111111111111110010100
111111111111111110011011
111111111111111110110001
111111111111111111010010
111111111111111111110111
000000000000000000011010
000000000000000000111000
000000000000000001001010
000000000000000001010000
000000000000000001001010
000000000000000000111000
000000000000000000011111
000000000000000000000100
111111111111111111101001
111111111111111111010101
111111111111111111001000
111111111111111111000101
111111111111111111001011
111111111111111111011001
111111111111111111101100
000000000000000000000000
000000000000000000010011
000000000000000000100001
000000000000000000101001
000000000000000000101010
000000000000000000100101
000000000000000000011010
000000000000000000001101
111111111111111111111110
111111111111111111110001
111111111111111111101000
111111111111111111100011
111111111111111111100010
111111111111111111100111
111111111111111111101111
111111111111111111111000
000000000000000000000011
000000000000000000001011
000000000000000000010010
000000000000000000010101
000000000000000000010100
000000000000000000010001
000000000000000000001011
000000000000000000000101
111111111111111111111101
111111111111111111110111
111111111111111111110100
111111111111111111110010
111111111111111111110010
111111111111111111110101
111111111111111111111001
111111111111111111111101
000000000000000000000010
000000000000000000000110
000000000000000000001001
000000000000000000001001
000000000000000000001001
000000000000000000000111
000000000000000000000100
000000000000000000000001
111111111111111111111110
111111111111111111111100
111111111111111111111010
111111111111111111111010
111111111111111111111010
111111111111111111111100
111111111111111111111101
111111111111111111111111
000000000000000000000010
000000000000000000000011
000000000000000000000100
000000000000000000000100
000000000000000000000011
000000000000000000000011
000000000000000000000001
000000000000000000000000
111111111111111111111111
111111111111111111111110
111111111111111111111110
111111111111111111111110
111111111111111111111110
111111111111111111111111
111111111111111111111111
000000000000000000000000
000000000000000000000001
000000000000000000000001
000000000000000000000001
000000000000000000000001
000000000000000000000001
000000000000000000000001
000000000000000000000010
