000000000000000000
000000000000000000
000000000000000000
000000000000000000
000000000000000000
000000000000000000
000000000000000000
000000000000000000
000000000000000000
000000000000000000
000000000000000000
000000000000000000
000000000000000000
000000000000000000
000000000000000000
000000000000000000
000000000000000000
000000000000000000
000000000000000000
000000000000000000
000000000000000000
000000000000000000
000000000000000000
000000000000000000
000000000000000000
000000000000000000
000000000000000000
000000000000000000
000000000000000000
000000000000000000
000000000000000000
000000000000000000
000000000000000000
000000000000000000
000000000000000000
000000000000000000
000000000000000000
000000000000000000
000000000000000000
000000000000000000
000000000000000000
000000000000000000
000000000000000000
000000000000000000
000000000000000000
000000000000000000
111111111111111111
000000000000000000
111111111111111111
000000000000000000
111111111111111111
000000000000000000
111111111111111111
000000000000000000
111111111111111111
000000000000000000
111111111111111111
000000000000000000
111111111111111111
000000000000000000
111111111111111111
000000000000000000
111111111111111111
000000000000000000
111111111111111111
000000000000000000
111111111111111111
000000000000000000
111111111111111111
000000000000000000
111111111111111111
000000000000000000
111111111111111111
000000000000000000
111111111111111111
000000000000000000
111111111111111111
000000000000000000
111111111111111110
000000000000000000
111111111111111110
000000000000000000
111111111111111110
000000000000000000
111111111111111110
000000000000000000
111111111111111110
000000000000000000
111111111111111110
000000000000000000
111111111111111110
000000000000000000
111111111111111110
000000000000000000
111111111111111101
000000000000000000
111111111111111101
000000000000000000
111111111111111101
000000000000000000
111111111111111101
000000000000000000
111111111111111101
000000000000000000
111111111111111101
000000000000000000
111111111111111100
000000000000000000
111111111111111100
000000000000000000
111111111111111100
000000000000000000
111111111111111100
000000000000000000
111111111111111100
000000000000000000
111111111111111011
000000000000000000
111111111111111011
000000000000000000
111111111111111011
000000000000000000
111111111111111010
000000000000000000
111111111111111010
000000000000000000
111111111111111010
000000000000000000
111111111111111010
000000000000000000
111111111111111001
000000000000000000
111111111111111001
000000000000000000
111111111111111001
000000000000000000
111111111111111000
000000000000000000
111111111111111000
000000000000000000
111111111111110111
000000000000000000
111111111111110111
000000000000000000
111111111111110111
000000000000000000
111111111111110110
000000000000000000
111111111111110110
000000000000000000
111111111111110101
000000000000000000
111111111111110101
000000000000000000
111111111111110100
000000000000000000
111111111111110100
000000000000000000
111111111111110011
000000000000000000
111111111111110011
000000000000000000
111111111111110010
000000000000000000
111111111111110001
000000000000000000
111111111111110001
000000000000000000
111111111111110000
000000000000000000
111111111111101111
000000000000000000
111111111111101111
000000000000000000
111111111111101110
000000000000000000
111111111111101101
000000000000000000
111111111111101100
000000000000000000
111111111111101011
000000000000000000
111111111111101011
000000000000000000
111111111111101010
000000000000000000
111111111111101001
000000000000000000
111111111111101000
000000000000000000
111111111111100111
000000000000000000
111111111111100110
000000000000000000
111111111111100101
000000000000000000
111111111111100100
000000000000000000
111111111111100011
000000000000000000
111111111111100010
000000000000000000
111111111111100001
000000000000000000
111111111111011111
000000000000000000
111111111111011110
000000000000000000
111111111111011101
000000000000000000
111111111111011100
000000000000000000
111111111111011010
000000000000000000
111111111111011001
000000000000000000
111111111111010111
000000000000000000
111111111111010110
000000000000000000
111111111111010100
000000000000000000
111111111111010011
000000000000000000
111111111111010001
000000000000000000
111111111111010000
000000000000000000
111111111111001110
000000000000000000
111111111111001100
000000000000000000
111111111111001010
000000000000000000
111111111111001001
000000000000000000
111111111111000111
000000000000000000
111111111111000101
000000000000000000
111111111111000011
000000000000000000
111111111111000001
000000000000000000
111111111110111111
000000000000000000
111111111110111101
000000000000000000
111111111110111010
000000000000000000
111111111110111000
000000000000000000
111111111110110110
000000000000000000
111111111110110011
000000000000000000
111111111110110001
000000000000000000
111111111110101110
000000000000000000
111111111110101100
000000000000000000
111111111110101001
000000000000000000
111111111110100110
000000000000000000
111111111110100011
000000000000000000
111111111110100001
000000000000000000
111111111110011110
000000000000000000
111111111110011011
000000000000000000
111111111110011000
000000000000000000
111111111110010100
000000000000000000
111111111110010001
000000000000000000
111111111110001110
000000000000000000
111111111110001010
000000000000000000
111111111110000111
000000000000000000
111111111110000011
000000000000000000
111111111110000000
000000000000000000
111111111101111100
000000000000000000
111111111101111000
000000000000000000
111111111101110100
000000000000000000
111111111101110000
000000000000000000
111111111101101100
000000000000000000
111111111101100111
000000000000000000
111111111101100011
000000000000000000
111111111101011111
000000000000000000
111111111101011010
000000000000000000
111111111101010101
000000000000000000
111111111101010000
000000000000000000
111111111101001100
000000000000000000
111111111101000110
000000000000000000
111111111101000001
000000000000000000
111111111100111100
000000000000000000
111111111100110111
000000000000000000
111111111100110001
000000000000000000
111111111100101011
000000000000000000
111111111100100110
000000000000000000
111111111100100000
000000000000000000
111111111100011001
000000000000000000
111111111100010011
000000000000000000
111111111100001101
000000000000000000
111111111100000110
000000000000000000
111111111100000000
000000000000000000
111111111011111001
000000000000000000
111111111011110010
000000000000000000
111111111011101010
000000000000000000
111111111011100011
000000000000000000
111111111011011011
000000000000000000
111111111011010011
000000000000000000
111111111011001011
000000000000000000
111111111011000011
000000000000000000
111111111010111011
000000000000000000
111111111010110010
000000000000000000
111111111010101001
000000000000000000
111111111010100000
000000000000000000
111111111010010111
000000000000000000
111111111010001101
000000000000000000
111111111010000100
000000000000000000
111111111001111010
000000000000000000
111111111001101111
000000000000000000
111111111001100101
000000000000000000
111111111001011010
000000000000000000
111111111001001110
000000000000000000
111111111001000011
000000000000000000
111111111000110111
000000000000000000
111111111000101011
000000000000000000
111111111000011110
000000000000000000
111111111000010001
000000000000000000
111111111000000100
000000000000000000
111111110111110110
000000000000000000
111111110111101000
000000000000000000
111111110111011001
000000000000000000
111111110111001010
000000000000000000
111111110110111010
000000000000000000
111111110110101010
000000000000000000
111111110110011001
000000000000000000
111111110110001000
000000000000000000
111111110101110110
000000000000000000
111111110101100011
000000000000000000
111111110101010000
000000000000000000
111111110100111100
000000000000000000
111111110100100111
000000000000000000
111111110100010010
000000000000000000
111111110011111100
000000000000000000
111111110011100100
000000000000000000
111111110011001100
000000000000000000
111111110010110011
000000000000000000
111111110010011000
000000000000000000
111111110001111101
000000000000000000
111111110001100000
000000000000000000
111111110001000001
000000000000000000
111111110000100010
000000000000000000
111111110000000000
000000000000000000
111111101111011101
000000000000000000
111111101110111000
000000000000000000
111111101110010001
000000000000000000
111111101101100111
000000000000000000
111111101100111100
000000000000000000
111111101100001101
000000000000000000
111111101011011100
000000000000000000
111111101010100111
000000000000000000
111111101001101111
000000000000000000
111111101000110010
000000000000000000
111111100111110001
000000000000000000
111111100110101011
000000000000000000
111111100101100000
000000000000000000
111111100100001101
000000000000000000
111111100010110100
000000000000000000
111111100001010010
000000000000000000
111111011111100110
000000000000000000
111111011101101111
000000000000000000
111111011011101011
000000000000000000
111111011001010111
000000000000000000
111111010110110001
000000000000000000
111111010011110100
000000000000000000
111111010000011100
000000000000000000
111111001100100001
000000000000000000
111111000111111011
000000000000000000
111111000010011110
000000000000000000
111110111011111001
000000000000000000
111110110011110001
000000000000000000
111110101001011111
000000000000000000
111110011100000100
000000000000000000
111110001001110001
000000000000000000
111101101111011000
000000000000000000
111101000101111100
000000000000000000
111011111011011000
000000000000000000
111001001101011111
000000000000000000
101011101000001111
000000000000000000
010100010111110001
000000000000000000
000110110010100001
000000000000000000
000100000100101000
000000000000000000
000010111010000100
000000000000000000
000010010000101000
000000000000000000
000001110110001111
000000000000000000
000001100011111100
000000000000000000
000001010110100001
000000000000000000
000001001100001111
000000000000000000
000001000100000111
000000000000000000
000000111101100010
000000000000000000
000000111000000101
000000000000000000
000000110011011111
000000000000000000
000000101111100100
000000000000000000
000000101100001100
000000000000000000
000000101001001111
000000000000000000
000000100110101001
000000000000000000
000000100100010101
000000000000000000
000000100010010001
000000000000000000
000000100000011010
000000000000000000
000000011110101110
000000000000000000
000000011101001100
000000000000000000
000000011011110011
000000000000000000
000000011010100000
000000000000000000
000000011001010101
000000000000000000
000000011000001111
000000000000000000
000000010111001110
000000000000000000
000000010110010001
000000000000000000
000000010101011001
000000000000000000
000000010100100100
000000000000000000
000000010011110011
000000000000000000
000000010011000100
000000000000000000
000000010010011001
000000000000000000
000000010001101111
000000000000000000
000000010001001000
000000000000000000
000000010000100011
000000000000000000
000000010000000000
000000000000000000
000000001111011110
000000000000000000
000000001110111111
000000000000000000
000000001110100000
000000000000000000
000000001110000011
000000000000000000
000000001101101000
000000000000000000
000000001101001101
000000000000000000
000000001100110100
000000000000000000
000000001100011100
000000000000000000
000000001100000100
000000000000000000
000000001011101110
000000000000000000
000000001011011001
000000000000000000
000000001011000100
000000000000000000
000000001010110000
000000000000000000
000000001010011101
000000000000000000
000000001010001010
000000000000000000
000000001001111000
000000000000000000
000000001001100111
000000000000000000
000000001001010110
000000000000000000
000000001001000110
000000000000000000
000000001000110110
000000000000000000
000000001000100111
000000000000000000
000000001000011000
000000000000000000
000000001000001010
000000000000000000
000000000111111100
000000000000000000
000000000111101111
000000000000000000
000000000111100010
000000000000000000
000000000111010101
000000000000000000
000000000111001001
000000000000000000
000000000110111101
000000000000000000
000000000110110010
000000000000000000
000000000110100110
000000000000000000
000000000110011011
000000000000000000
000000000110010001
000000000000000000
000000000110000110
000000000000000000
000000000101111100
000000000000000000
000000000101110011
000000000000000000
000000000101101001
000000000000000000
000000000101100000
000000000000000000
000000000101010111
000000000000000000
000000000101001110
000000000000000000
000000000101000101
000000000000000000
000000000100111101
000000000000000000
000000000100110101
000000000000000000
000000000100101101
000000000000000000
000000000100100101
000000000000000000
000000000100011101
000000000000000000
000000000100010110
000000000000000000
000000000100001110
000000000000000000
000000000100000111
000000000000000000
000000000100000000
000000000000000000
000000000011111010
000000000000000000
000000000011110011
000000000000000000
000000000011101101
000000000000000000
000000000011100111
000000000000000000
000000000011100000
000000000000000000
000000000011011010
000000000000000000
000000000011010101
000000000000000000
000000000011001111
000000000000000000
000000000011001001
000000000000000000
000000000011000100
000000000000000000
000000000010111111
000000000000000000
000000000010111010
000000000000000000
000000000010110100
000000000000000000
000000000010110000
000000000000000000
000000000010101011
000000000000000000
000000000010100110
000000000000000000
000000000010100001
000000000000000000
000000000010011101
000000000000000000
000000000010011001
000000000000000000
000000000010010100
000000000000000000
000000000010010000
000000000000000000
000000000010001100
000000000000000000
000000000010001000
000000000000000000
000000000010000100
000000000000000000
000000000010000000
000000000000000000
000000000001111101
000000000000000000
000000000001111001
000000000000000000
000000000001110110
000000000000000000
000000000001110010
000000000000000000
000000000001101111
000000000000000000
000000000001101100
000000000000000000
000000000001101000
000000000000000000
000000000001100101
000000000000000000
000000000001100010
000000000000000000
000000000001011111
000000000000000000
000000000001011101
000000000000000000
000000000001011010
000000000000000000
000000000001010111
000000000000000000
000000000001010100
000000000000000000
000000000001010010
000000000000000000
000000000001001111
000000000000000000
000000000001001101
000000000000000000
000000000001001010
000000000000000000
000000000001001000
000000000000000000
000000000001000110
000000000000000000
000000000001000011
000000000000000000
000000000001000001
000000000000000000
000000000000111111
000000000000000000
000000000000111101
000000000000000000
000000000000111011
000000000000000000
000000000000111001
000000000000000000
000000000000110111
000000000000000000
000000000000110110
000000000000000000
000000000000110100
000000000000000000
000000000000110010
000000000000000000
000000000000110000
000000000000000000
000000000000101111
000000000000000000
000000000000101101
000000000000000000
000000000000101100
000000000000000000
000000000000101010
000000000000000000
000000000000101001
000000000000000000
000000000000100111
000000000000000000
000000000000100110
000000000000000000
000000000000100100
000000000000000000
000000000000100011
000000000000000000
000000000000100010
000000000000000000
000000000000100001
000000000000000000
000000000000011111
000000000000000000
000000000000011110
000000000000000000
000000000000011101
000000000000000000
000000000000011100
000000000000000000
000000000000011011
000000000000000000
000000000000011010
000000000000000000
000000000000011001
000000000000000000
000000000000011000
000000000000000000
000000000000010111
000000000000000000
000000000000010110
000000000000000000
000000000000010101
000000000000000000
000000000000010101
000000000000000000
000000000000010100
000000000000000000
000000000000010011
000000000000000000
000000000000010010
000000000000000000
000000000000010001
000000000000000000
000000000000010001
000000000000000000
000000000000010000
000000000000000000
000000000000001111
000000000000000000
000000000000001111
000000000000000000
000000000000001110
000000000000000000
000000000000001101
000000000000000000
000000000000001101
000000000000000000
000000000000001100
000000000000000000
000000000000001100
000000000000000000
000000000000001011
000000000000000000
000000000000001011
000000000000000000
000000000000001010
000000000000000000
000000000000001010
000000000000000000
000000000000001001
000000000000000000
000000000000001001
000000000000000000
000000000000001001
000000000000000000
000000000000001000
000000000000000000
000000000000001000
000000000000000000
000000000000000111
000000000000000000
000000000000000111
000000000000000000
000000000000000111
000000000000000000
000000000000000110
000000000000000000
000000000000000110
000000000000000000
000000000000000110
000000000000000000
000000000000000110
000000000000000000
000000000000000101
000000000000000000
000000000000000101
000000000000000000
000000000000000101
000000000000000000
000000000000000100
000000000000000000
000000000000000100
000000000000000000
000000000000000100
000000000000000000
000000000000000100
000000000000000000
000000000000000100
000000000000000000
000000000000000011
000000000000000000
000000000000000011
000000000000000000
000000000000000011
000000000000000000
000000000000000011
000000000000000000
000000000000000011
000000000000000000
000000000000000011
000000000000000000
000000000000000010
000000000000000000
000000000000000010
000000000000000000
000000000000000010
000000000000000000
000000000000000010
000000000000000000
000000000000000010
000000000000000000
000000000000000010
000000000000000000
000000000000000010
000000000000000000
000000000000000010
000000000000000000
000000000000000001
000000000000000000
000000000000000001
000000000000000000
000000000000000001
000000000000000000
000000000000000001
000000000000000000
000000000000000001
000000000000000000
000000000000000001
000000000000000000
000000000000000001
000000000000000000
000000000000000001
000000000000000000
000000000000000001
000000000000000000
000000000000000001
000000000000000000
000000000000000001
000000000000000000
000000000000000001
000000000000000000
000000000000000001
000000000000000000
000000000000000001
000000000000000000
000000000000000001
000000000000000000
000000000000000001
000000000000000000
000000000000000000
000000000000000000
000000000000000000
000000000000000000
000000000000000000
000000000000000000
000000000000000000
000000000000000000
000000000000000000
000000000000000000
000000000000000000
000000000000000000
000000000000000000
000000000000000000
000000000000000000
000000000000000000
000000000000000000
000000000000000000
000000000000000000
000000000000000000
000000000000000000
000000000000000000
000000000000000000
000000000000000000
000000000000000000
000000000000000000
000000000000000000
000000000000000000
000000000000000000
000000000000000000
000000000000000000
000000000000000000
000000000000000000
000000000000000000
000000000000000000
000000000000000000
000000000000000000
000000000000000000
000000000000000000
000000000000000000
000000000000000000
000000000000000000
000000000000000000
000000000000000000
000000000000000000
